11. INDEX REGIONVII ET LOCORVII. 129

0919999 91119, onoma-sarnum (oss. Aspero) B 82, 09999 9. 19999.

91. 83, 21. 85, 16. 81, 29. 88, 29. 89, 11. 90, 29. 09199199 9199199 VM Π, 11. Β 1, 29. 0999999 09111-
0919999991999919919091, 9. [011Ρ9910191199999199 999 1191991991, 21, 8.

nomon de nans-eonon 1, 90]- Europa vn1, 9, 199. vn 111, 999. n 99, 99. 99, 99.
09999999 99919 VM 11, 318. 091519 999991Χ, 1,13. [Cf. Zessss, 9190991995999990
0999 ’1999919999 99919999, 05199999 Β 23, 19. 919 0995599919199999 9. 116. 901}

09919599 Χ, 19, 11. App, 11, ³9. Exons 91999, 0999999999 (9199. 891999-91-01991Β15, 9.

09919951999199 91119 11, 1,111. 1.

0995999199 19999 Β 15, 99. 1919999 111 ΙΙ, 80. 1099999919999111,131,4. 1,

09999 fluvius 0911199 9991991919999119, [9919999 051999 1, 83. 111, 5, 11. App. 1Χ,20. 15111, 85.
111, 4, 15. 199991911999191999, 01919919 919· 191911 11111, 053.

01111118 11110 313915· (1111818 ‘mla 111, 25, 1· (1·- 0999919 Β 45, 91. 099991 Β 38, 11. 68, 910, 19.

91991991,1, 8· 99, 9. 9999999911, 99, 19. App. 1, 199. 911,
0999999 9991911999, 0519959119-199-1999999 (masne-es· 99. 19999199 9919 ΙΧ, 4, 8.

19199, 999. 89999999, 99991. 0999999) Β 23, 29. [Cf. 199999999999111, 1, 15.
1999999999, 0999999519 oe 19 09919 9. 303].

099991999, 099991199 9959, 0599199911, 1, 111. Β 18, 0959199 9959, 1999191111,3,161. 0999199919 99590

92. 0999199919 9959 Β 11. 91. 09999119 111 111, 14, 99.

153. Ι1,28. 09999119018,17.80,19. 09999- 09111999 Β 51, 99. 0911199111111,321.

199919 91919 Β 80, 19. 091119, 0911199111, 1, 11. 23. 53. 8, 5. 22. 11, 1.
Castalius 1199991111, 1, 2. 99999 111, 11, 4. 11, 11519· 111, 9· 1,1,15· VI· 5, 13· Vll, 1, 61·
0991999919999, 99199 (1191999 Rupes 991 Lucus 5199119 VIII, 3, 163. Χ, 6, 93. App. 11,21. 11, 8. III,

119593, 1, 9919111 I, 144. 99999. 9999. 11, 8. Β2, 92.
cavillonensis 9. 0951119999919. 4, 29. 22. 29. 5, 9. 28, 29. 51, 99. 54,19. 85, 9.
099919 (099119 codd.) 9959, 09999919 VM IV, 668. 93, 97. 091199 I, 15, 3. V, 9², 31. 11, 5, 281.
cenomanni 9. 0199999991. Χ, 1, 5. 09111999 Eufrates 1, 21,8. 99519 Χ, 10,
0999999 91999, 0999999 prope 09951999 Β 18, 29. 15. 999911,18,16. 11999991,9,10. 959999 111
01999999199, 019999999199 9959, 19 5199990 83, 19. l, 19· ’111111 ‘mm- Ι11111· 111, 11· 11110110 VM 1,

96, 25, Ginomsnnis B 36, 3, 68. loca VI, 5, 181. rura VIII, I, 12. 1Χ,1, 11.
Claudiomagus 919999 1999991919 Β11991999991 Turonorum G²¹li⁰⁸¹¹⁸ ⁶²⁰IWI'V Β 51), 1· (1111101111 1111111111

15110, 210. Β2, 8. 09111999199159991Β50, 9.

0919919 9959 111, 14, 111. 1991919910, 14, 3. 1111119191. 1,111. 2,·11. 43. App. 11, 29.

09199599, 0919199, urbs VM 11, 81, 0911199919 1999919 99999 91159999 oppidum 11999199 VM
0999999199 papus Β 96, 1. I, 149. Β 5, 11.

0999999119 oppidum, Concordia 151 IV, 663. 0111110151191911,1, 22. Cf. 0991199999. 091119.

conone 9999, cansa (non-soson.) BII‚1³. [cs. ssaronns pono. owe!- 14. Ι, 511· 1511· ¹9, ¹-

lmqm ocwsapppe 9, p, (9,,9, ρ, 999]ι 20, 11. 21, 1. 099999199 9199999111, 25, 3.
0999199119 99199, 0991999999 036, 9. 099919911999 99· (1111111111 ⁰· (1111111110ῐῦ3-

999, 19 09199119 Β 34, 19. 0²2⁸ 11111 VM ῙῙ, 81·

0991999 91919991 5199911999 prope Confluentes Χ, 9, 45, 099199 91999, 099999 (1191999119199, 999. 8999999) Β
[Am 9991199999991 ds 1199915995 919919 9 99919999 op- 311, 11·
pido 5119919999, 9111 ds 9199 09991991,Ι 8999191999 199 (19101191 VI, 5, 19·
,Μ pm ,09 ⁷⁰99· p· 115} Goon 9199199 VM 11, 11.
(9,,9, pmpa m ῃ, 89, 099199999019919919999999919084, 1. 099919999Β91, 21.
099919 5991995991119919919199, spons-German sesnes 0⁰¹¹1¹²¹¹¹⁸ 111111· 51· 111, 1, 113· 5, 301. 9, 5. 111,
ῃ, 10, 9Ι 1320² 20· 5, 21. 8, 49. 12, 85. ΙΧ, 16, 5. Β 103, 91. 099-
cypm ma VM ῃ, 31· 9991310311. 09999999199. II, 84. 099999-
9199 999999 11, 5, 41.
099911, 5, 219. Α99. 11, 45. Laud. M. 289. 0919 11, 5, 219. ΙΧ, 1,13. App. 11,6. 11111, 14.
numm App, 11, 45, 09999999 1, 5, 51.
nani ,99 111,1,99.ι111,1,13. [os. 9999 p. 99]. Gothi 999 Β 66, 1⁶·
0151111111οΜ mes· 84· 1, 15, 15. 019199 fluvius 0999999 11, 15, 6. 10, 8, 64. VM III, 491. 099999
11, 10, 35. Α99. 11, 28. 111 I, 129. 11, 18. 11, 641. 119999 111, 4, S 13.
09119919 99119 Β 42, 9. 099199 Ρ59199991Χ, 1, 9.
099999 fluvius praes. SI. VM IV, 649.
0909999919 91119 Β 30, 99. [09991111 99919911 Ρ991, 099919999 999991, 15, 14. spumas 111111, 8.
0190999999 ds 119199·91-1,919911,9.711]. 09599999 1111104111. 095991999911199 VM 1, 12.
09999919 99999, 0591999999 Β 80, 99. 991910, 18, 16. 09599199 ΧΙ, 1, 312. Β 108, 22.
0991999999919 11111, 508. [191999 0991951119 Paulus, 09999919 Β 84, 91.
5191. 19999. II, 13]. 0159999 VIIII, 14.
Hiberus 9199199, 11599 11, 1, 104. 5, 350.
1195199999 1999199111, 4, 83. 0199999119 9959 159991991111, 3, 145.

Edon V, 1, Sl. Hierosolymo 9959 App. I, 99. Laud. Is. 283. 01999-
Edem 9959 1111, 3, 146. 991999 Laud. 51. 221.

Edon} 99919 Laud. M. 161. 0199991911, 1, 111. 5, 139. 281. App. 11, 3. 01-

019919 9. Bethleem. 9999199 088, 19. 01999999 Χ, 1, 8. 15111, 331.
09199199 9199199, 0999 1, 21, 191. 3. 9999999999 1,21. Β 26, 19. 0199991 virs· IV, 18, 16. 9991991, 159.

Elyslum: 91199999 E. sd 99999999 1, 1, S 1. 9991111, 3, 154. dommo VI, 1,118. 1999999111,
09999119 9959, 11991919 1111, 3, 110. 1, 41.

0999919 monasterium, 81. 19919 ds 11999999 (sep. 91999 019199 9. 09999199.

8199991 Β 34, 1. Horeb 99199 Β 92, 29.
0959999 9959 VIII, 3, 143. nano. 11284. 09599991

Laud. M. 295. Illyricum VM 1, 110. 111991911,2,1.
09109999 9. Padus. 1999159 possessio 999199199 1199191999 Β 20, 11.

numm 0999999999. 17

 

